3078212
3077913
3077914
3077915
3077916
3077918
3077919
3077920
3077921
3077922
3077923
3077924
3077925
3077926
3077927
3077928
3077929
3077931
3077932
3077933
3077934
3077935
3077937
3077938
3077939
3077940
3077941
3077942
3077943
3077944
3077945
3077946
3077947
3077948
3077949
3077950
3077951
3077952
3077953
3077954
3077955
3077956
3077957
3077958
3077959
3077960
3077962
3077963
3077965
3077966
3077967
3077968
3077969
3077970
3077971
3077972
3077973
3077974
3077975
3077976
3077977
3077978
3077979
3077980
3077981
3077982
3077983
3077984
3077985
3077987
3077988
3077989
3077990
3077991
3077992
3077993
3077994
3077995
3077996
3077997
3077998
3077999
3078000
3078001
3078002
3078004
3078005
3078006
3078007
3078008
3078009
3078010
3078012
3078014
3078015
3078016
3078017
3078018
3078019
3078020
3078021
3078023
3078024
3078025
3078026
3078027
3078029
3078030
3078031
3078032
3078033
3078034
3078035
3078036
3078037
3078038
3078039
3078040
3078042
3078043
3078044
3078045
3078046
3078047
3078048
3078049
3078051
3078052
3078053
3078054
3078055
3078056
3078057
3078059
3078060
3078061
3078062
3078063
3078064
3078066
3078067
3078068
3078069
3078070
3078071
3078072
3078073
3078074
3078075
3078076
3078077
3078078
3078079
3078080
3078081
3078082
3078083
3078084
3078085
3078086
3078087
3078088
3078089
3078090
3078091
3078092
3078093
3078094
3078095
3078096
3078097
3078098
3078099
3078100
3078101
3078102
3078103
3078104
3078105
3078107
3078108
3078109
3078110
3078111
3078112
3078113
3078114
3078115
3078116
3078117
3078118
3078119
3078120
3078121
3078122
3078123
3078124
3078125
3078126
3078127
3078128
3078129
3078130
3078131
3078132
3078133
3078134
3078135
3078136
3078137
3078138
3078139
3078140
3078141
3078142
3078143
3078144
3078145
3078146
3078147
3078148
3078150
3078151
3078152
3078153
3078155
3078156
3078157
3078158
3078159
3078160
3078161
3078162
3078164
3078165
3078166
3078167
3078168
3078169
3078170
3078171
3078172
3078173
3078174
3078175
3078177
3078178
3078179
3078180
3078181
3078182
3078183
3078184
3078185
3078186
3078187
3078188
3078189
3078190
3078193
3078194
3078196
3078197
3078198
3078199
3078200
3078201
3078202
3078205
3078206
3078207
3078208
3078209
3078211
3078213
3078214
3078215
3078217
3078218
3078219
3078220
3078221
3078222
3078223
3078224
3078225
3078226
3078227
3078228
3078229
3078230
3078231
3078232
3078233
3078235
3078236
3078237
3078238
3078239
3078240
3078241
3078242
3078243
3078244
3078245
3078246
3078247
3078248
3078249
3078250
3078251
3078252
3078253
3078254
3078255
3078256
3078257
3078258
3078259
3078260
3078261
3078262
3078263
3078264
3078265
3078266
3078267
3078268
3078269
3078270
3078271
3078272
3078273
3078274
3078275
3078280
3078281
3078282
3078283
3078284
3078285
3078286
3078287
3078288
3078289
3078290
3078291
